windows10 /Visual Studio 2019 환경에서 작성됨.

[hw7_1.cpp]

Description : stable한 selection sort를 실행하는 함수 ‘selection_sort_stable’ 구현.

예제 출력 : 왼쪽에는 data의 id가, 오른쪽에는 score 값이 출력됩니다. 

Input data
1        30
2        25
3        10
4        20
5        80
6        30
7        25
8        10

Sorted data : Unstable
3        10
8        10
4        20
7        25
2        25
6        30
1        30
5        80

Sorted data : Stable
3        10
8        10
4        20
2        25
7        25
1        30
6        30
5        80


[hw7_2.cpp]
Description : queue 대신 counting sort를 이용하여 radix sort를 구현하는 문제.
Step 1) Generate the input data to be sorted randomly.
# of input data: 1000 integers (data range: 0 ~224-1, i.e., 24-bit positive integer) 
Step 2) Divide each data into 4 digits (=segments). -> make_rand_number(element input[]) 함수의 역할. 
Step 3) Sort values at each digit from LSD to MSD. -> radix_sort(element input[]) 함수와 counting_sort(element input[], const int numdigit, element result[])의 역할. 

예제 출력 :

=== input data ===
8462 :0 2 4 14
28864 :0 7 3 0
6719 :0 1 40 63
6575 :0 1 38 47
5764 :0 1 26 4
8652 :0 2 7 12
24845 :0 6 4 13
3240 :0 0 50 40
26542 :0 6 30 46
12105 :0 2 61 9
14310 :0 3 31 38
887 :0 0 13 55
9593 :0 2 21 57
21121 :0 5 10 1
28338 :0 6 58 50
23278 :0 5 43 46
5053 :0 1 14 61
28923 :0 7 3 59
437 :0 0 6 53
22490 :0 5 31 26
30564 :0 7 29 36
16903 :0 4 8 7
30921 :0 7 35 9
6453 :0 1 36 53
4047 :0 0 63 15
29335 :0 7 10 23
19434 :0 4 47 42
31388 :0 7 42 28
16245 :0 3 61 53
15184 :0 3 45 16
28920 :0 7 3 56
31491 :0 7 44 3
10189 :0 2 31 13
7393 :0 1 51 33
30393 :0 7 26 57
31655 :0 7 46 39
15471 :0 3 49 47
13972 :0 3 26 20
20766 :0 5 4 30
27460 :0 6 45 4
4470 :0 1 5 54
27426 :0 6 44 34
15047 :0 3 43 7
12680 :0 3 6 8
26920 :0 6 36 40
18380 :0 4 31 12
20424 :0 4 63 8
28360 :0 6 59 8
17625 :0 4 19 25
24999 :0 6 6 39
17838 :0 4 22 46
25587 :0 6 15 51
32012 :0 7 52 12
7480 :0 1 52 56
25789 :0 6 18 61
5828 :0 1 27 4
9436 :0 2 19 28
5184 :0 1 17 0
9852 :0 2 25 60
1595 :0 0 24 59
15514 :0 3 50 26
3545 :0 0 55 25
7540 :0 1 53 52
845 :0 0 13 13
30648 :0 7 30 56
15554 :0 3 51 2
2612 :0 0 40 52
475 :0 0 7 27
6629 :0 1 39 37
14328 :0 3 31 56
16792 :0 4 6 24
30177 :0 7 23 33
12154 :0 2 61 58
24966 :0 6 6 6
18507 :0 4 33 11
4336 :0 1 3 48
9493 :0 2 20 21
12189 :0 2 62 29
18315 :0 4 30 11
29662 :0 7 15 30
643 :0 0 10 3
3047 :0 0 47 39
16172 :0 3 60 44
10428 :0 2 34 60
19684 :0 4 51 36
15641 :0 3 52 25
6368 :0 1 35 32
30984 :0 7 36 8
21513 :0 5 16 9
3784 :0 0 59 8
181 :0 0 2 53
29732 :0 7 16 36
28449 :0 6 60 33
11133 :0 2 45 61
9951 :0 2 27 31
14855 :0 3 40 7
27797 :0 6 50 21
23819 :0 5 52 11
20152 :0 4 58 56
24115 :0 5 56 51
14640 :0 3 36 48
10016 :0 2 28 32
20229 :0 4 60 5
30438 :0 7 27 38
643 :0 0 10 3
28699 :0 7 0 27
26491 :0 6 29 59
11413 :0 2 50 21
22664 :0 5 34 8
11293 :0 2 48 29
3970 :0 0 62 2
23958 :0 5 54 22
4741 :0 1 10 5
15971 :0 3 57 35
8760 :0 2 8 56
10781 :0 2 40 29
31539 :0 7 44 51
1235 :0 0 19 19
3001 :0 0 46 57
31849 :0 7 49 41
2080 :0 0 32 32
16852 :0 4 7 20
23454 :0 5 46 30
24895 :0 6 4 63
8274 :0 2 1 18
22627 :0 5 33 35
24771 :0 6 3 3
17560 :0 4 18 24
13869 :0 3 24 45
3684 :0 0 57 36
12878 :0 3 9 14
26263 :0 6 26 23
14487 :0 3 34 23
18741 :0 4 36 53
18924 :0 4 39 44
7357 :0 1 50 61
8025 :0 1 61 25
30857 :0 7 34 9
4958 :0 1 13 30
13152 :0 3 13 32
5832 :0 1 27 8
9076 :0 2 13 52
5429 :0 1 20 53
857 :0 0 13 25
3750 :0 0 58 38
19394 :0 4 47 2
5849 :0 1 27 25
4094 :0 0 63 62
12355 :0 3 1 3
7053 :0 1 46 13
26576 :0 6 31 16
16720 :0 4 5 16
32743 :0 7 63 39
4367 :0 1 4 15
11325 :0 2 48 61
3701 :0 0 57 53
11636 :0 2 53 52
7348 :0 1 50 52
21159 :0 5 10 39
11368 :0 2 49 40
22600 :0 5 33 8
25971 :0 6 21 51
5884 :0 1 27 60
5359 :0 1 19 47
19041 :0 4 41 33
10079 :0 2 29 31
14038 :0 3 27 22
31181 :0 7 39 13
28356 :0 6 59 4
24697 :0 6 1 57
15100 :0 3 43 60
30777 :0 7 32 57
1823 :0 0 28 31
16329 :0 3 63 9
31276 :0 7 40 44
8336 :0 2 2 16
25773 :0 6 18 45
2733 :0 0 42 45
14616 :0 3 36 24
9799 :0 2 25 7
10330 :0 2 33 26
27760 :0 6 49 48
2990 :0 0 46 46
19491 :0 4 48 35
20008 :0 4 56 40
25630 :0 6 16 30
23452 :0 5 46 28
24748 :0 6 2 44
2001 :0 0 31 17
17559 :0 4 18 23
14356 :0 3 32 20
24287 :0 5 59 31
10926 :0 2 42 46
31459 :0 7 43 35
21196 :0 5 11 12
1827 :0 0 28 35
13527 :0 3 19 23
3781 :0 0 59 5
20042 :0 4 57 10
1150 :0 0 17 62
11660 :0 2 54 12
4499 :0 1 6 19
16734 :0 4 5 30
29193 :0 7 8 9
25811 :0 6 19 19
28484 :0 6 61 4
5104 :0 1 15 48
21665 :0 5 18 33
22115 :0 5 25 35
21963 :0 5 23 11
6395 :0 1 35 59
23776 :0 5 51 32
13249 :0 3 15 1
9892 :0 2 26 36
2522 :0 0 39 26
1355 :0 0 21 11
22953 :0 5 38 41
9900 :0 2 26 44
18115 :0 4 27 3
24781 :0 6 3 13
13487 :0 3 18 47
24629 :0 6 0 53
145 :0 0 2 17
11621 :0 2 53 37
22822 :0 5 36 38
27482 :0 6 45 26
12230 :0 2 63 6
32539 :0 7 60 27
21057 :0 5 9 1
4240 :0 1 2 16
31952 :0 7 51 16
5944 :0 1 28 56
27768 :0 6 49 56
31102 :0 7 37 62
32139 :0 7 54 11
15286 :0 3 46 54
32557 :0 7 60 45
25615 :0 6 16 15
27656 :0 6 48 8
8950 :0 2 11 54
31120 :0 7 38 16
3013 :0 0 47 5
14989 :0 3 42 13
18353 :0 4 30 49
14016 :0 3 27 0
15696 :0 3 53 16
10460 :0 2 35 28
14641 :0 3 36 49
23859 :0 5 52 51
18527 :0 4 33 31
16056 :0 3 58 56
15297 :0 3 47 1
19799 :0 4 53 23
17334 :0 4 14 54
20390 :0 4 62 38
19810 :0 4 53 34
25465 :0 6 13 57
22400 :0 5 30 0
27633 :0 6 47 49
25279 :0 6 10 63
4327 :0 1 3 39
487 :0 0 7 39
25328 :0 6 11 48
28771 :0 7 1 35
4177 :0 1 1 17
2531 :0 0 39 35
14987 :0 3 42 11
5162 :0 1 16 42
14709 :0 3 37 53
5199 :0 1 17 15
16380 :0 3 63 60
29429 :0 7 11 53
14332 :0 3 31 60
3906 :0 0 61 2
5587 :0 1 23 19
7842 :0 1 58 34
10654 :0 2 38 30
26524 :0 6 30 28
25405 :0 6 12 61
6204 :0 1 32 60
26509 :0 6 30 13
15583 :0 3 51 31
2181 :0 0 34 5
17006 :0 4 9 46
32529 :0 7 60 17
1857 :0 0 29 1
31963 :0 7 51 27
22590 :0 5 32 62
7535 :0 1 53 47
25599 :0 6 15 63
14677 :0 3 37 21
15352 :0 3 47 56
29456 :0 7 12 16
31731 :0 7 47 51
21811 :0 5 20 51
12903 :0 3 9 39
20959 :0 5 7 31
14441 :0 3 33 41
14183 :0 3 29 39
24139 :0 5 57 11
2803 :0 0 43 51
14895 :0 3 40 47
341 :0 0 5 21
4104 :0 1 0 8
20334 :0 4 61 46
18155 :0 4 27 43
5847 :0 1 27 23
15772 :0 3 54 28
6309 :0 1 34 37
8369 :0 2 2 49
26500 :0 6 30 4
14035 :0 3 27 19
23425 :0 5 46 1
31701 :0 7 47 21
23858 :0 5 52 50
27070 :0 6 38 62
2853 :0 0 44 37
1790 :0 0 27 62
5049 :0 1 14 57
19297 :0 4 45 33
11984 :0 2 59 16
14716 :0 3 37 60
15866 :0 3 55 58
14508 :0 3 34 44
3845 :0 0 60 5
23516 :0 5 47 28
23584 :0 5 48 32
25517 :0 6 14 45
15850 :0 3 55 42
32441 :0 7 58 57
10022 :0 2 28 38
8451 :0 2 4 3
32495 :0 7 59 47
21461 :0 5 15 21
21914 :0 5 22 26
10646 :0 2 38 22
20911 :0 5 6 47
7528 :0 1 53 40
7584 :0 1 54 32
9349 :0 2 18 5
9243 :0 2 16 27
10167 :0 2 30 55
6201 :0 1 32 57
3424 :0 0 53 32
28629 :0 6 63 21
233 :0 0 3 41
27077 :0 6 39 5
19096 :0 4 42 24
18138 :0 4 27 26
25366 :0 6 12 22
21447 :0 5 15 7
2099 :0 0 32 51
4964 :0 1 13 36
1186 :0 0 18 34
5097 :0 1 15 41
10948 :0 2 43 4
3855 :0 0 60 15
17097 :0 4 11 9
13376 :0 3 17 0
28315 :0 6 58 27
13626 :0 3 20 58
23162 :0 5 41 58
12496 :0 3 3 16
1849 :0 0 28 57
13488 :0 3 18 48
9065 :0 2 13 41
5715 :0 1 25 19
21255 :0 5 12 7
9352 :0 2 18 8
352 :0 0 5 32
32310 :0 7 56 54
30535 :0 7 29 7
73 :0 0 1 9
32725 :0 7 63 21
3045 :0 0 47 37
30794 :0 7 33 10
12114 :0 2 61 18
19394 :0 4 47 2
20296 :0 4 61 8
8675 :0 2 7 35
7033 :0 1 45 57
32689 :0 7 62 49
12429 :0 3 2 13
21533 :0 5 16 29
6899 :0 1 43 51
30230 :0 7 24 22
18729 :0 4 36 41
2089 :0 0 32 41
12660 :0 3 5 52
5602 :0 1 23 34
19993 :0 4 56 25
8602 :0 2 6 26
27798 :0 6 50 22
19797 :0 4 53 21
28526 :0 6 61 46
24533 :0 5 63 21
24447 :0 5 61 63
12052 :0 2 60 20
20744 :0 5 4 8
962 :0 0 15 2
446 :0 0 6 62
25979 :0 6 21 59
162 :0 0 2 34
32200 :0 7 55 8
30071 :0 7 21 55
28724 :0 7 0 52
3343 :0 0 52 15
14329 :0 3 31 57
30912 :0 7 35 0
24585 :0 6 0 9
8898 :0 2 11 2
20617 :0 5 2 9
1610 :0 0 25 10
1270 :0 0 19 54
20884 :0 5 6 20
22661 :0 5 34 5
26948 :0 6 37 4
17027 :0 4 10 3
24514 :0 5 63 2
27329 :0 6 43 1
18556 :0 4 33 60
32337 :0 7 57 17
20021 :0 4 56 53
12051 :0 2 60 19
27848 :0 6 51 8
23794 :0 5 51 50
29191 :0 7 8 7
7614 :0 1 54 62
18084 :0 4 26 36
16637 :0 4 3 61
18242 :0 4 29 2
5937 :0 1 28 49
30492 :0 7 28 28
16482 :0 4 1 34
24811 :0 6 3 43
9202 :0 2 15 50
24557 :0 5 63 45
1020 :0 0 15 60
6719 :0 1 40 63
28885 :0 7 3 21
32487 :0 7 59 39
17765 :0 4 21 37
27964 :0 6 52 60
23409 :0 5 45 49
6293 :0 1 34 21
24334 :0 5 60 14
4707 :0 1 9 35
8916 :0 2 11 20
30240 :0 7 24 32
8847 :0 2 10 15
19901 :0 4 54 61
4214 :0 1 1 54
14961 :0 3 41 49
26939 :0 6 36 59
3356 :0 0 52 28
11628 :0 2 53 44
4758 :0 1 10 22
4856 :0 1 11 56
15267 :0 3 46 35
22494 :0 5 31 30
17767 :0 4 21 39
26446 :0 6 29 14
28296 :0 6 58 8
19643 :0 4 50 59
26217 :0 6 25 41
3261 :0 0 50 61
20249 :0 4 60 25
31147 :0 7 38 43
12274 :0 2 63 50
2644 :0 0 41 20
26109 :0 6 23 61
11078 :0 2 45 6
18574 :0 4 34 14
1919 :0 0 29 63
11197 :0 2 46 61
27523 :0 6 46 3
30626 :0 7 30 34
15905 :0 3 56 33
643 :0 0 10 3
9331 :0 2 17 51
3407 :0 0 53 15
21218 :0 5 11 34
32033 :0 7 52 33
23343 :0 5 44 47
409 :0 0 6 25
1995 :0 0 31 11
5972 :0 1 29 20
5903 :0 1 28 15
3785 :0 0 59 9
32016 :0 7 52 16
17226 :0 4 13 10
18716 :0 4 36 28
19215 :0 4 44 15
29740 :0 7 16 44
28771 :0 7 1 35
18376 :0 4 31 8
1388 :0 0 21 44
18739 :0 4 36 51
28469 :0 6 60 53
13021 :0 3 11 29
27087 :0 6 39 15
5732 :0 1 25 36
22226 :0 5 27 18
21428 :0 5 14 52
12415 :0 3 1 63
13822 :0 3 23 62
20301 :0 4 61 13
19879 :0 4 54 39
23736 :0 5 50 56
5718 :0 1 25 22
25978 :0 6 21 58
13000 :0 3 11 8
20121 :0 4 58 25
5157 :0 1 16 37
19446 :0 4 47 54
20692 :0 5 3 20
11326 :0 2 48 62
20262 :0 4 60 38
11623 :0 2 53 39
19042 :0 4 41 34
26153 :0 6 24 41
11489 :0 2 51 33
29701 :0 7 16 5
20576 :0 5 1 32
23270 :0 5 43 38
32193 :0 7 55 1
10842 :0 2 41 26
4032 :0 0 63 0
24046 :0 5 55 46
30829 :0 7 33 45
22853 :0 5 37 5
10095 :0 2 29 47
9677 :0 2 23 13
32597 :0 7 61 21
1861 :0 0 29 5
14983 :0 3 42 7
25984 :0 6 22 0
25739 :0 6 18 11
15604 :0 3 51 52
29381 :0 7 11 5
5409 :0 1 20 33
8149 :0 1 63 21
13010 :0 3 11 18
1853 :0 0 28 61
11718 :0 2 55 6
11008 :0 2 44 0
3140 :0 0 49 4
6988 :0 1 45 12
23718 :0 5 50 38
30839 :0 7 33 55
17373 :0 4 15 29
2511 :0 0 39 15
29053 :0 7 5 61
14356 :0 3 32 20
11483 :0 2 51 27
28818 :0 7 2 18
3122 :0 0 48 50
24117 :0 5 56 53
11765 :0 2 55 53
4108 :0 1 0 12
19895 :0 4 54 55
8467 :0 2 4 19
6484 :0 1 37 20
21321 :0 5 13 9
4146 :0 1 0 50
24655 :0 6 1 15
17887 :0 4 23 31
5159 :0 1 16 39
27226 :0 6 41 26
10958 :0 2 43 14
19899 :0 4 54 59
28613 :0 6 63 5
547 :0 0 8 35
22215 :0 5 27 7
5650 :0 1 24 18
16185 :0 3 60 57
29341 :0 7 10 29
24602 :0 6 0 26
1044 :0 0 16 20
2177 :0 0 34 1
18713 :0 4 36 25
228 :0 0 3 36
828 :0 0 12 60
31676 :0 7 46 60
23951 :0 5 54 15
14416 :0 3 33 16
16597 :0 4 3 21
20635 :0 5 2 27
2620 :0 0 40 60
13232 :0 3 14 48
16572 :0 4 2 60
6162 :0 1 32 18
1679 :0 0 26 15
19916 :0 4 55 12
12135 :0 2 61 39
22099 :0 5 25 19
26950 :0 6 37 6
6265 :0 1 33 57
5414 :0 1 20 38
30972 :0 7 35 60
5589 :0 1 23 21
9326 :0 2 17 46
20137 :0 4 58 41
32143 :0 7 54 15
6407 :0 1 36 7
31572 :0 7 45 20
28355 :0 6 59 3
23588 :0 5 48 36
14567 :0 3 35 39
28 :0 0 0 28
28013 :0 6 53 45
2650 :0 0 41 26
15329 :0 3 47 33
10645 :0 2 38 21
18446 :0 4 32 14
10899 :0 2 42 19
11045 :0 2 44 37
19262 :0 4 44 62
30458 :0 7 27 58
15201 :0 3 45 33
5196 :0 1 17 12
24665 :0 6 1 25
23608 :0 5 48 56
23355 :0 5 44 59
3646 :0 0 56 62
3392 :0 0 53 0
3976 :0 0 62 8
29813 :0 7 17 53
1363 :0 0 21 19
19196 :0 4 43 60
11172 :0 2 46 36
25967 :0 6 21 47
4792 :0 1 10 56
28948 :0 7 4 20
199 :0 0 3 7
30988 :0 7 36 12
25365 :0 6 12 21
4515 :0 1 6 35
20588 :0 5 1 44
17253 :0 4 13 37
28780 :0 7 1 44
23469 :0 5 46 45
30296 :0 7 25 24
14015 :0 3 26 63
4933 :0 1 13 5
30643 :0 7 30 51
8922 :0 2 11 26
1211 :0 0 18 59
12040 :0 2 60 8
4741 :0 1 10 5
2642 :0 0 41 18
8141 :0 1 63 13
32170 :0 7 54 42
2648 :0 0 41 24
11760 :0 2 55 48
28911 :0 7 3 47
16011 :0 3 58 11
29208 :0 7 8 24
8638 :0 2 6 62
5527 :0 1 22 23
19615 :0 4 50 31
24320 :0 5 60 0
29665 :0 7 15 33
14822 :0 3 39 38
24525 :0 5 63 13
13415 :0 3 17 39
6428 :0 1 36 28
25378 :0 6 12 34
32148 :0 7 54 20
25053 :0 6 7 29
661 :0 0 10 21
15974 :0 3 57 38
23796 :0 5 51 52
18294 :0 4 29 54
16604 :0 4 3 28
18328 :0 4 30 24
16780 :0 4 6 12
13414 :0 3 17 38
22569 :0 5 32 41
23708 :0 5 50 28
4608 :0 1 8 0
13262 :0 3 15 14
10725 :0 2 39 37
4295 :0 1 3 7
11677 :0 2 54 29
7126 :0 1 47 22
5996 :0 1 29 44
21655 :0 5 18 23
17728 :0 4 21 0
4860 :0 1 11 60
16914 :0 4 8 18
17825 :0 4 22 33
15219 :0 3 45 51
32684 :0 7 62 44
3172 :0 0 49 36
15050 :0 3 43 10
20442 :0 4 63 26
5648 :0 1 24 16
16560 :0 4 2 48
24762 :0 6 2 58
6606 :0 1 39 14
30761 :0 7 32 41
199 :0 0 3 7
31374 :0 7 42 14
5703 :0 1 25 7
7199 :0 1 48 31
25345 :0 6 12 1
6861 :0 1 43 13
19711 :0 4 51 63
27861 :0 6 51 21
24706 :0 6 2 2
26782 :0 6 34 30
20692 :0 5 3 20
22721 :0 5 35 1
30908 :0 7 34 60
17720 :0 4 20 56
8046 :0 1 61 46
17147 :0 4 11 59
11829 :0 2 56 53
26009 :0 6 22 25
9251 :0 2 16 35
2707 :0 0 42 19
16522 :0 4 2 10
13435 :0 3 17 59
25111 :0 6 8 23
7208 :0 1 48 40
18357 :0 4 30 53
4228 :0 1 2 4
2472 :0 0 38 40
16822 :0 4 6 54
5259 :0 1 18 11
15037 :0 3 42 61
32009 :0 7 52 9
9392 :0 2 18 48
31368 :0 7 42 8
2373 :0 0 37 5
2092 :0 0 32 44
13903 :0 3 25 15
26319 :0 6 27 15
12871 :0 3 9 7
20454 :0 4 63 38
29225 :0 7 8 41
26733 :0 6 33 45
17193 :0 4 12 41
15438 :0 3 49 14
12037 :0 2 60 5
3550 :0 0 55 30
6150 :0 1 32 6
25190 :0 6 9 38
29166 :0 7 7 46
15314 :0 3 47 18
26463 :0 6 29 31
12541 :0 3 3 61
30598 :0 7 30 6
24881 :0 6 4 49
13837 :0 3 24 13
25811 :0 6 19 19
26525 :0 6 30 29
11356 :0 2 49 28
18298 :0 4 29 58
2047 :0 0 31 63
26370 :0 6 28 2
9654 :0 2 22 54
24081 :0 5 56 17
142 :0 0 2 14
31641 :0 7 46 25
21347 :0 5 13 35
24563 :0 5 63 51
29293 :0 7 9 45
30382 :0 7 26 46
19023 :0 4 41 15
13292 :0 3 15 44
30857 :0 7 34 9
22921 :0 5 38 9
20594 :0 5 1 50
27301 :0 6 42 37
31028 :0 7 36 52
26691 :0 6 33 3
29779 :0 7 17 19
2075 :0 0 32 27
6603 :0 1 39 11
24280 :0 5 59 24
15819 :0 3 55 11
335 :0 0 5 15
5525 :0 1 22 21
31868 :0 7 49 60
23564 :0 5 48 12
16960 :0 4 9 0
31727 :0 7 47 47
22835 :0 5 36 51
29921 :0 7 19 33
20502 :0 5 0 22
6566 :0 1 38 38
14748 :0 3 38 28
31032 :0 7 36 56
23456 :0 5 46 32
4517 :0 1 6 37
21773 :0 5 20 13
8925 :0 2 11 29
22528 :0 5 32 0
26832 :0 6 35 16
16869 :0 4 7 37
32648 :0 7 62 8
27045 :0 6 38 37
2351 :0 0 36 47
31774 :0 7 48 30
11546 :0 2 52 26
16762 :0 4 5 58
79 :0 0 1 15
14882 :0 3 40 34
11044 :0 2 44 36
14429 :0 3 33 29
31973 :0 7 51 37
992 :0 0 15 32
26025 :0 6 22 41
16083 :0 3 59 19
20405 :0 4 62 53
16414 :0 4 0 30
23845 :0 5 52 37
29946 :0 7 19 58
29618 :0 7 14 50
11281 :0 2 48 17
4045 :0 0 63 13
32447 :0 7 58 63
24935 :0 6 5 39
28971 :0 7 4 43
2073 :0 0 32 25
26704 :0 6 33 16
12693 :0 3 6 21
19764 :0 4 52 52
13440 :0 3 18 0
11989 :0 2 59 21
21278 :0 5 12 30
156 :0 0 2 28
27778 :0 6 50 2
16731 :0 4 5 27
22561 :0 5 32 33
30480 :0 7 28 16
18156 :0 4 27 44
3600 :0 0 56 16
7783 :0 1 57 39
24139 :0 5 57 11
9560 :0 2 21 24
28598 :0 6 62 54
22270 :0 5 27 62
7983 :0 1 60 47
6387 :0 1 35 51
3922 :0 0 61 18
12579 :0 3 4 35
27924 :0 6 52 20
1155 :0 0 18 3
3620 :0 0 56 36
11366 :0 2 49 38
24416 :0 5 61 32
8104 :0 1 62 40
3036 :0 0 47 28
22024 :0 5 24 8
18775 :0 4 37 23
16225 :0 3 61 33
23819 :0 5 52 11
30120 :0 7 22 40
17461 :0 4 16 53
2003 :0 0 31 19
1496 :0 0 23 24
27934 :0 6 52 30
8058 :0 1 61 58
27462 :0 6 45 6
19700 :0 4 51 52
20392 :0 4 62 40
11142 :0 2 46 6
6769 :0 1 41 49
31440 :0 7 43 16
29764 :0 7 17 4
4709 :0 1 9 37
18935 :0 4 39 55
6413 :0 1 36 13
1884 :0 0 29 28
13036 :0 3 11 44
28977 :0 7 4 49
17972 :0 4 24 52
24488 :0 5 62 40
12805 :0 3 8 5
26158 :0 6 24 46
29095 :0 7 6 39
6737 :0 1 41 17
13895 :0 3 25 7
31480 :0 7 43 56
5079 :0 1 15 23
16978 :0 4 9 18
458 :0 0 7 10
25 :0 0 0 25
14008 :0 3 26 56
1828 :0 0 28 36
24121 :0 5 56 57
20574 :0 5 1 30
25202 :0 6 9 50
18074 :0 4 26 26
3880 :0 0 60 40
18907 :0 4 39 27
16986 :0 4 9 26
28170 :0 6 56 10
16040 :0 3 58 40
22575 :0 5 32 47
5664 :0 1 24 32
30381 :0 7 26 45
6169 :0 1 32 25
29706 :0 7 16 10
17225 :0 4 13 9
328 :0 0 5 8
1344 :0 0 21 0
15340 :0 3 47 44
6880 :0 1 43 32
21772 :0 5 20 12
16794 :0 4 6 26
2607 :0 0 40 47
10089 :0 2 29 41
17851 :0 4 22 59
14319 :0 3 31 47
11335 :0 2 49 7
5911 :0 1 28 23
17677 :0 4 20 13
24105 :0 5 56 41
8009 :0 1 61 9
5695 :0 1 24 63
9042 :0 2 13 18
871 :0 0 13 39
30122 :0 7 22 42
11787 :0 2 56 11
17240 :0 4 13 24
17486 :0 4 17 14
19017 :0 4 41 9
31603 :0 7 45 51
17807 :0 4 22 15
6559 :0 1 38 31
25776 :0 6 18 48
21097 :0 5 9 41
28267 :0 6 57 43
13583 :0 3 20 15
29335 :0 7 10 23
8532 :0 2 5 20
19466 :0 4 48 10
8275 :0 2 1 19
31402 :0 7 42 42
10432 :0 2 35 0
24343 :0 5 60 23
21114 :0 5 9 58
27789 :0 6 50 13
23380 :0 5 45 20
19182 :0 4 43 46
12159 :0 2 61 63
29212 :0 7 8 28
31236 :0 7 40 4
20737 :0 5 4 1
9759 :0 2 24 31
26103 :0 6 23 55
16520 :0 4 2 8
7034 :0 1 45 58
24552 :0 5 63 40
4926 :0 1 12 62
13836 :0 3 24 12
6946 :0 1 44 34
14227 :0 3 30 19
8857 :0 2 10 25
30249 :0 7 24 41
31873 :0 7 50 1
27027 :0 6 38 19
22652 :0 5 33 60
1556 :0 0 24 20
30791 :0 7 33 7
13038 :0 3 11 46
2217 :0 0 34 41
2581 :0 0 40 21
746 :0 0 11 42
21068 :0 5 9 12
25334 :0 6 11 54
28475 :0 6 60 59
8081 :0 1 62 17
8013 :0 1 61 13
32080 :0 7 53 16
23887 :0 5 53 15
23089 :0 5 40 49
11296 :0 2 48 32
16128 :0 3 60 0
1286 :0 0 20 6
11509 :0 2 51 53
9554 :0 2 21 18
4397 :0 1 4 45
7802 :0 1 57 58
21732 :0 5 19 36
25571 :0 6 15 35
30882 :0 7 34 34
11227 :0 2 47 27
22974 :0 5 38 62
26015 :0 6 22 31
31954 :0 7 51 18
21602 :0 5 17 34
19750 :0 4 52 38
8107 :0 1 62 43
25 :0 0 0 25
27527 :0 6 46 7

=== radix_sort result ===
25 :0 0 0 25
25 :0 0 0 25
28 :0 0 0 28
73 :0 0 1 9
79 :0 0 1 15
142 :0 0 2 14
145 :0 0 2 17
156 :0 0 2 28
162 :0 0 2 34
181 :0 0 2 53
199 :0 0 3 7
199 :0 0 3 7
228 :0 0 3 36
233 :0 0 3 41
328 :0 0 5 8
335 :0 0 5 15
341 :0 0 5 21
352 :0 0 5 32
409 :0 0 6 25
437 :0 0 6 53
446 :0 0 6 62
458 :0 0 7 10
475 :0 0 7 27
487 :0 0 7 39
547 :0 0 8 35
643 :0 0 10 3
643 :0 0 10 3
643 :0 0 10 3
661 :0 0 10 21
746 :0 0 11 42
828 :0 0 12 60
845 :0 0 13 13
857 :0 0 13 25
871 :0 0 13 39
887 :0 0 13 55
962 :0 0 15 2
992 :0 0 15 32
1020 :0 0 15 60
1044 :0 0 16 20
1150 :0 0 17 62
1155 :0 0 18 3
1186 :0 0 18 34
1211 :0 0 18 59
1235 :0 0 19 19
1270 :0 0 19 54
1286 :0 0 20 6
1344 :0 0 21 0
1355 :0 0 21 11
1363 :0 0 21 19
1388 :0 0 21 44
1496 :0 0 23 24
1556 :0 0 24 20
1595 :0 0 24 59
1610 :0 0 25 10
1679 :0 0 26 15
1790 :0 0 27 62
1823 :0 0 28 31
1827 :0 0 28 35
1828 :0 0 28 36
1849 :0 0 28 57
1853 :0 0 28 61
1857 :0 0 29 1
1861 :0 0 29 5
1884 :0 0 29 28
1919 :0 0 29 63
1995 :0 0 31 11
2001 :0 0 31 17
2003 :0 0 31 19
2047 :0 0 31 63
2073 :0 0 32 25
2075 :0 0 32 27
2080 :0 0 32 32
2089 :0 0 32 41
2092 :0 0 32 44
2099 :0 0 32 51
2177 :0 0 34 1
2181 :0 0 34 5
2217 :0 0 34 41
2351 :0 0 36 47
2373 :0 0 37 5
2472 :0 0 38 40
2511 :0 0 39 15
2522 :0 0 39 26
2531 :0 0 39 35
2581 :0 0 40 21
2607 :0 0 40 47
2612 :0 0 40 52
2620 :0 0 40 60
2642 :0 0 41 18
2644 :0 0 41 20
2648 :0 0 41 24
2650 :0 0 41 26
2707 :0 0 42 19
2733 :0 0 42 45
2803 :0 0 43 51
2853 :0 0 44 37
2990 :0 0 46 46
3001 :0 0 46 57
3013 :0 0 47 5
3036 :0 0 47 28
3045 :0 0 47 37
3047 :0 0 47 39
3122 :0 0 48 50
3140 :0 0 49 4
3172 :0 0 49 36
3240 :0 0 50 40
3261 :0 0 50 61
3343 :0 0 52 15
3356 :0 0 52 28
3392 :0 0 53 0
3407 :0 0 53 15
3424 :0 0 53 32
3545 :0 0 55 25
3550 :0 0 55 30
3600 :0 0 56 16
3620 :0 0 56 36
3646 :0 0 56 62
3684 :0 0 57 36
3701 :0 0 57 53
3750 :0 0 58 38
3781 :0 0 59 5
3784 :0 0 59 8
3785 :0 0 59 9
3845 :0 0 60 5
3855 :0 0 60 15
3880 :0 0 60 40
3906 :0 0 61 2
3922 :0 0 61 18
3970 :0 0 62 2
3976 :0 0 62 8
4032 :0 0 63 0
4045 :0 0 63 13
4047 :0 0 63 15
4094 :0 0 63 62
4104 :0 1 0 8
4108 :0 1 0 12
4146 :0 1 0 50
4177 :0 1 1 17
4214 :0 1 1 54
4228 :0 1 2 4
4240 :0 1 2 16
4295 :0 1 3 7
4327 :0 1 3 39
4336 :0 1 3 48
4367 :0 1 4 15
4397 :0 1 4 45
4470 :0 1 5 54
4499 :0 1 6 19
4515 :0 1 6 35
4517 :0 1 6 37
4608 :0 1 8 0
4707 :0 1 9 35
4709 :0 1 9 37
4741 :0 1 10 5
4741 :0 1 10 5
4758 :0 1 10 22
4792 :0 1 10 56
4856 :0 1 11 56
4860 :0 1 11 60
4926 :0 1 12 62
4933 :0 1 13 5
4958 :0 1 13 30
4964 :0 1 13 36
5049 :0 1 14 57
5053 :0 1 14 61
5079 :0 1 15 23
5097 :0 1 15 41
5104 :0 1 15 48
5157 :0 1 16 37
5159 :0 1 16 39
5162 :0 1 16 42
5184 :0 1 17 0
5196 :0 1 17 12
5199 :0 1 17 15
5259 :0 1 18 11
5359 :0 1 19 47
5409 :0 1 20 33
5414 :0 1 20 38
5429 :0 1 20 53
5525 :0 1 22 21
5527 :0 1 22 23
5587 :0 1 23 19
5589 :0 1 23 21
5602 :0 1 23 34
5648 :0 1 24 16
5650 :0 1 24 18
5664 :0 1 24 32
5695 :0 1 24 63
5703 :0 1 25 7
5715 :0 1 25 19
5718 :0 1 25 22
5732 :0 1 25 36
5764 :0 1 26 4
5828 :0 1 27 4
5832 :0 1 27 8
5847 :0 1 27 23
5849 :0 1 27 25
5884 :0 1 27 60
5903 :0 1 28 15
5911 :0 1 28 23
5937 :0 1 28 49
5944 :0 1 28 56
5972 :0 1 29 20
5996 :0 1 29 44
6150 :0 1 32 6
6162 :0 1 32 18
6169 :0 1 32 25
6201 :0 1 32 57
6204 :0 1 32 60
6265 :0 1 33 57
6293 :0 1 34 21
6309 :0 1 34 37
6368 :0 1 35 32
6387 :0 1 35 51
6395 :0 1 35 59
6407 :0 1 36 7
6413 :0 1 36 13
6428 :0 1 36 28
6453 :0 1 36 53
6484 :0 1 37 20
6559 :0 1 38 31
6566 :0 1 38 38
6575 :0 1 38 47
6603 :0 1 39 11
6606 :0 1 39 14
6629 :0 1 39 37
6719 :0 1 40 63
6719 :0 1 40 63
6737 :0 1 41 17
6769 :0 1 41 49
6861 :0 1 43 13
6880 :0 1 43 32
6899 :0 1 43 51
6946 :0 1 44 34
6988 :0 1 45 12
7033 :0 1 45 57
7034 :0 1 45 58
7053 :0 1 46 13
7126 :0 1 47 22
7199 :0 1 48 31
7208 :0 1 48 40
7348 :0 1 50 52
7357 :0 1 50 61
7393 :0 1 51 33
7480 :0 1 52 56
7528 :0 1 53 40
7535 :0 1 53 47
7540 :0 1 53 52
7584 :0 1 54 32
7614 :0 1 54 62
7783 :0 1 57 39
7802 :0 1 57 58
7842 :0 1 58 34
7983 :0 1 60 47
8009 :0 1 61 9
8013 :0 1 61 13
8025 :0 1 61 25
8046 :0 1 61 46
8058 :0 1 61 58
8081 :0 1 62 17
8104 :0 1 62 40
8107 :0 1 62 43
8141 :0 1 63 13
8149 :0 1 63 21
8274 :0 2 1 18
8275 :0 2 1 19
8336 :0 2 2 16
8369 :0 2 2 49
8451 :0 2 4 3
8462 :0 2 4 14
8467 :0 2 4 19
8532 :0 2 5 20
8602 :0 2 6 26
8638 :0 2 6 62
8652 :0 2 7 12
8675 :0 2 7 35
8760 :0 2 8 56
8847 :0 2 10 15
8857 :0 2 10 25
8898 :0 2 11 2
8916 :0 2 11 20
8922 :0 2 11 26
8925 :0 2 11 29
8950 :0 2 11 54
9042 :0 2 13 18
9065 :0 2 13 41
9076 :0 2 13 52
9202 :0 2 15 50
9243 :0 2 16 27
9251 :0 2 16 35
9326 :0 2 17 46
9331 :0 2 17 51
9349 :0 2 18 5
9352 :0 2 18 8
9392 :0 2 18 48
9436 :0 2 19 28
9493 :0 2 20 21
9554 :0 2 21 18
9560 :0 2 21 24
9593 :0 2 21 57
9654 :0 2 22 54
9677 :0 2 23 13
9759 :0 2 24 31
9799 :0 2 25 7
9852 :0 2 25 60
9892 :0 2 26 36
9900 :0 2 26 44
9951 :0 2 27 31
10016 :0 2 28 32
10022 :0 2 28 38
10079 :0 2 29 31
10089 :0 2 29 41
10095 :0 2 29 47
10167 :0 2 30 55
10189 :0 2 31 13
10330 :0 2 33 26
10428 :0 2 34 60
10432 :0 2 35 0
10460 :0 2 35 28
10645 :0 2 38 21
10646 :0 2 38 22
10654 :0 2 38 30
10725 :0 2 39 37
10781 :0 2 40 29
10842 :0 2 41 26
10899 :0 2 42 19
10926 :0 2 42 46
10948 :0 2 43 4
10958 :0 2 43 14
11008 :0 2 44 0
11044 :0 2 44 36
11045 :0 2 44 37
11078 :0 2 45 6
11133 :0 2 45 61
11142 :0 2 46 6
11172 :0 2 46 36
11197 :0 2 46 61
11227 :0 2 47 27
11281 :0 2 48 17
11293 :0 2 48 29
11296 :0 2 48 32
11325 :0 2 48 61
11326 :0 2 48 62
11335 :0 2 49 7
11356 :0 2 49 28
11366 :0 2 49 38
11368 :0 2 49 40
11413 :0 2 50 21
11483 :0 2 51 27
11489 :0 2 51 33
11509 :0 2 51 53
11546 :0 2 52 26
11621 :0 2 53 37
11623 :0 2 53 39
11628 :0 2 53 44
11636 :0 2 53 52
11660 :0 2 54 12
11677 :0 2 54 29
11718 :0 2 55 6
11760 :0 2 55 48
11765 :0 2 55 53
11787 :0 2 56 11
11829 :0 2 56 53
11984 :0 2 59 16
11989 :0 2 59 21
12037 :0 2 60 5
12040 :0 2 60 8
12051 :0 2 60 19
12052 :0 2 60 20
12105 :0 2 61 9
12114 :0 2 61 18
12135 :0 2 61 39
12154 :0 2 61 58
12159 :0 2 61 63
12189 :0 2 62 29
12230 :0 2 63 6
12274 :0 2 63 50
12355 :0 3 1 3
12415 :0 3 1 63
12429 :0 3 2 13
12496 :0 3 3 16
12541 :0 3 3 61
12579 :0 3 4 35
12660 :0 3 5 52
12680 :0 3 6 8
12693 :0 3 6 21
12805 :0 3 8 5
12871 :0 3 9 7
12878 :0 3 9 14
12903 :0 3 9 39
13000 :0 3 11 8
13010 :0 3 11 18
13021 :0 3 11 29
13036 :0 3 11 44
13038 :0 3 11 46
13152 :0 3 13 32
13232 :0 3 14 48
13249 :0 3 15 1
13262 :0 3 15 14
13292 :0 3 15 44
13376 :0 3 17 0
13414 :0 3 17 38
13415 :0 3 17 39
13435 :0 3 17 59
13440 :0 3 18 0
13487 :0 3 18 47
13488 :0 3 18 48
13527 :0 3 19 23
13583 :0 3 20 15
13626 :0 3 20 58
13822 :0 3 23 62
13836 :0 3 24 12
13837 :0 3 24 13
13869 :0 3 24 45
13895 :0 3 25 7
13903 :0 3 25 15
13972 :0 3 26 20
14008 :0 3 26 56
14015 :0 3 26 63
14016 :0 3 27 0
14035 :0 3 27 19
14038 :0 3 27 22
14183 :0 3 29 39
14227 :0 3 30 19
14310 :0 3 31 38
14319 :0 3 31 47
14328 :0 3 31 56
14329 :0 3 31 57
14332 :0 3 31 60
14356 :0 3 32 20
14356 :0 3 32 20
14416 :0 3 33 16
14429 :0 3 33 29
14441 :0 3 33 41
14487 :0 3 34 23
14508 :0 3 34 44
14567 :0 3 35 39
14616 :0 3 36 24
14640 :0 3 36 48
14641 :0 3 36 49
14677 :0 3 37 21
14709 :0 3 37 53
14716 :0 3 37 60
14748 :0 3 38 28
14822 :0 3 39 38
14855 :0 3 40 7
14882 :0 3 40 34
14895 :0 3 40 47
14961 :0 3 41 49
14983 :0 3 42 7
14987 :0 3 42 11
14989 :0 3 42 13
15037 :0 3 42 61
15047 :0 3 43 7
15050 :0 3 43 10
15100 :0 3 43 60
15184 :0 3 45 16
15201 :0 3 45 33
15219 :0 3 45 51
15267 :0 3 46 35
15286 :0 3 46 54
15297 :0 3 47 1
15314 :0 3 47 18
15329 :0 3 47 33
15340 :0 3 47 44
15352 :0 3 47 56
15438 :0 3 49 14
15471 :0 3 49 47
15514 :0 3 50 26
15554 :0 3 51 2
15583 :0 3 51 31
15604 :0 3 51 52
15641 :0 3 52 25
15696 :0 3 53 16
15772 :0 3 54 28
15819 :0 3 55 11
15850 :0 3 55 42
15866 :0 3 55 58
15905 :0 3 56 33
15971 :0 3 57 35
15974 :0 3 57 38
16011 :0 3 58 11
16040 :0 3 58 40
16056 :0 3 58 56
16083 :0 3 59 19
16128 :0 3 60 0
16172 :0 3 60 44
16185 :0 3 60 57
16225 :0 3 61 33
16245 :0 3 61 53
16329 :0 3 63 9
16380 :0 3 63 60
16414 :0 4 0 30
16482 :0 4 1 34
16520 :0 4 2 8
16522 :0 4 2 10
16560 :0 4 2 48
16572 :0 4 2 60
16597 :0 4 3 21
16604 :0 4 3 28
16637 :0 4 3 61
16720 :0 4 5 16
16731 :0 4 5 27
16734 :0 4 5 30
16762 :0 4 5 58
16780 :0 4 6 12
16792 :0 4 6 24
16794 :0 4 6 26
16822 :0 4 6 54
16852 :0 4 7 20
16869 :0 4 7 37
16903 :0 4 8 7
16914 :0 4 8 18
16960 :0 4 9 0
16978 :0 4 9 18
16986 :0 4 9 26
17006 :0 4 9 46
17027 :0 4 10 3
17097 :0 4 11 9
17147 :0 4 11 59
17193 :0 4 12 41
17225 :0 4 13 9
17226 :0 4 13 10
17240 :0 4 13 24
17253 :0 4 13 37
17334 :0 4 14 54
17373 :0 4 15 29
17461 :0 4 16 53
17486 :0 4 17 14
17559 :0 4 18 23
17560 :0 4 18 24
17625 :0 4 19 25
17677 :0 4 20 13
17720 :0 4 20 56
17728 :0 4 21 0
17765 :0 4 21 37
17767 :0 4 21 39
17807 :0 4 22 15
17825 :0 4 22 33
17838 :0 4 22 46
17851 :0 4 22 59
17887 :0 4 23 31
17972 :0 4 24 52
18074 :0 4 26 26
18084 :0 4 26 36
18115 :0 4 27 3
18138 :0 4 27 26
18155 :0 4 27 43
18156 :0 4 27 44
18242 :0 4 29 2
18294 :0 4 29 54
18298 :0 4 29 58
18315 :0 4 30 11
18328 :0 4 30 24
18353 :0 4 30 49
18357 :0 4 30 53
18376 :0 4 31 8
18380 :0 4 31 12
18446 :0 4 32 14
18507 :0 4 33 11
18527 :0 4 33 31
18556 :0 4 33 60
18574 :0 4 34 14
18713 :0 4 36 25
18716 :0 4 36 28
18729 :0 4 36 41
18739 :0 4 36 51
18741 :0 4 36 53
18775 :0 4 37 23
18907 :0 4 39 27
18924 :0 4 39 44
18935 :0 4 39 55
19017 :0 4 41 9
19023 :0 4 41 15
19041 :0 4 41 33
19042 :0 4 41 34
19096 :0 4 42 24
19182 :0 4 43 46
19196 :0 4 43 60
19215 :0 4 44 15
19262 :0 4 44 62
19297 :0 4 45 33
19394 :0 4 47 2
19394 :0 4 47 2
19434 :0 4 47 42
19446 :0 4 47 54
19466 :0 4 48 10
19491 :0 4 48 35
19615 :0 4 50 31
19643 :0 4 50 59
19684 :0 4 51 36
19700 :0 4 51 52
19711 :0 4 51 63
19750 :0 4 52 38
19764 :0 4 52 52
19797 :0 4 53 21
19799 :0 4 53 23
19810 :0 4 53 34
19879 :0 4 54 39
19895 :0 4 54 55
19899 :0 4 54 59
19901 :0 4 54 61
19916 :0 4 55 12
19993 :0 4 56 25
20008 :0 4 56 40
20021 :0 4 56 53
20042 :0 4 57 10
20121 :0 4 58 25
20137 :0 4 58 41
20152 :0 4 58 56
20229 :0 4 60 5
20249 :0 4 60 25
20262 :0 4 60 38
20296 :0 4 61 8
20301 :0 4 61 13
20334 :0 4 61 46
20390 :0 4 62 38
20392 :0 4 62 40
20405 :0 4 62 53
20424 :0 4 63 8
20442 :0 4 63 26
20454 :0 4 63 38
20502 :0 5 0 22
20574 :0 5 1 30
20576 :0 5 1 32
20588 :0 5 1 44
20594 :0 5 1 50
20617 :0 5 2 9
20635 :0 5 2 27
20692 :0 5 3 20
20692 :0 5 3 20
20737 :0 5 4 1
20744 :0 5 4 8
20766 :0 5 4 30
20884 :0 5 6 20
20911 :0 5 6 47
20959 :0 5 7 31
21057 :0 5 9 1
21068 :0 5 9 12
21097 :0 5 9 41
21114 :0 5 9 58
21121 :0 5 10 1
21159 :0 5 10 39
21196 :0 5 11 12
21218 :0 5 11 34
21255 :0 5 12 7
21278 :0 5 12 30
21321 :0 5 13 9
21347 :0 5 13 35
21428 :0 5 14 52
21447 :0 5 15 7
21461 :0 5 15 21
21513 :0 5 16 9
21533 :0 5 16 29
21602 :0 5 17 34
21655 :0 5 18 23
21665 :0 5 18 33
21732 :0 5 19 36
21772 :0 5 20 12
21773 :0 5 20 13
21811 :0 5 20 51
21914 :0 5 22 26
21963 :0 5 23 11
22024 :0 5 24 8
22099 :0 5 25 19
22115 :0 5 25 35
22215 :0 5 27 7
22226 :0 5 27 18
22270 :0 5 27 62
22400 :0 5 30 0
22490 :0 5 31 26
22494 :0 5 31 30
22528 :0 5 32 0
22561 :0 5 32 33
22569 :0 5 32 41
22575 :0 5 32 47
22590 :0 5 32 62
22600 :0 5 33 8
22627 :0 5 33 35
22652 :0 5 33 60
22661 :0 5 34 5
22664 :0 5 34 8
22721 :0 5 35 1
22822 :0 5 36 38
22835 :0 5 36 51
22853 :0 5 37 5
22921 :0 5 38 9
22953 :0 5 38 41
22974 :0 5 38 62
23089 :0 5 40 49
23162 :0 5 41 58
23270 :0 5 43 38
23278 :0 5 43 46
23343 :0 5 44 47
23355 :0 5 44 59
23380 :0 5 45 20
23409 :0 5 45 49
23425 :0 5 46 1
23452 :0 5 46 28
23454 :0 5 46 30
23456 :0 5 46 32
23469 :0 5 46 45
23516 :0 5 47 28
23564 :0 5 48 12
23584 :0 5 48 32
23588 :0 5 48 36
23608 :0 5 48 56
23708 :0 5 50 28
23718 :0 5 50 38
23736 :0 5 50 56
23776 :0 5 51 32
23794 :0 5 51 50
23796 :0 5 51 52
23819 :0 5 52 11
23819 :0 5 52 11
23845 :0 5 52 37
23858 :0 5 52 50
23859 :0 5 52 51
23887 :0 5 53 15
23951 :0 5 54 15
23958 :0 5 54 22
24046 :0 5 55 46
24081 :0 5 56 17
24105 :0 5 56 41
24115 :0 5 56 51
24117 :0 5 56 53
24121 :0 5 56 57
24139 :0 5 57 11
24139 :0 5 57 11
24280 :0 5 59 24
24287 :0 5 59 31
24320 :0 5 60 0
24334 :0 5 60 14
24343 :0 5 60 23
24416 :0 5 61 32
24447 :0 5 61 63
24488 :0 5 62 40
24514 :0 5 63 2
24525 :0 5 63 13
24533 :0 5 63 21
24552 :0 5 63 40
24557 :0 5 63 45
24563 :0 5 63 51
24585 :0 6 0 9
24602 :0 6 0 26
24629 :0 6 0 53
24655 :0 6 1 15
24665 :0 6 1 25
24697 :0 6 1 57
24706 :0 6 2 2
24748 :0 6 2 44
24762 :0 6 2 58
24771 :0 6 3 3
24781 :0 6 3 13
24811 :0 6 3 43
24845 :0 6 4 13
24881 :0 6 4 49
24895 :0 6 4 63
24935 :0 6 5 39
24966 :0 6 6 6
24999 :0 6 6 39
25053 :0 6 7 29
25111 :0 6 8 23
25190 :0 6 9 38
25202 :0 6 9 50
25279 :0 6 10 63
25328 :0 6 11 48
25334 :0 6 11 54
25345 :0 6 12 1
25365 :0 6 12 21
25366 :0 6 12 22
25378 :0 6 12 34
25405 :0 6 12 61
25465 :0 6 13 57
25517 :0 6 14 45
25571 :0 6 15 35
25587 :0 6 15 51
25599 :0 6 15 63
25615 :0 6 16 15
25630 :0 6 16 30
25739 :0 6 18 11
25773 :0 6 18 45
25776 :0 6 18 48
25789 :0 6 18 61
25811 :0 6 19 19
25811 :0 6 19 19
25967 :0 6 21 47
25971 :0 6 21 51
25978 :0 6 21 58
25979 :0 6 21 59
25984 :0 6 22 0
26009 :0 6 22 25
26015 :0 6 22 31
26025 :0 6 22 41
26103 :0 6 23 55
26109 :0 6 23 61
26153 :0 6 24 41
26158 :0 6 24 46
26217 :0 6 25 41
26263 :0 6 26 23
26319 :0 6 27 15
26370 :0 6 28 2
26446 :0 6 29 14
26463 :0 6 29 31
26491 :0 6 29 59
26500 :0 6 30 4
26509 :0 6 30 13
26524 :0 6 30 28
26525 :0 6 30 29
26542 :0 6 30 46
26576 :0 6 31 16
26691 :0 6 33 3
26704 :0 6 33 16
26733 :0 6 33 45
26782 :0 6 34 30
26832 :0 6 35 16
26920 :0 6 36 40
26939 :0 6 36 59
26948 :0 6 37 4
26950 :0 6 37 6
27027 :0 6 38 19
27045 :0 6 38 37
27070 :0 6 38 62
27077 :0 6 39 5
27087 :0 6 39 15
27226 :0 6 41 26
27301 :0 6 42 37
27329 :0 6 43 1
27426 :0 6 44 34
27460 :0 6 45 4
27462 :0 6 45 6
27482 :0 6 45 26
27523 :0 6 46 3
27527 :0 6 46 7
27633 :0 6 47 49
27656 :0 6 48 8
27760 :0 6 49 48
27768 :0 6 49 56
27778 :0 6 50 2
27789 :0 6 50 13
27797 :0 6 50 21
27798 :0 6 50 22
27848 :0 6 51 8
27861 :0 6 51 21
27924 :0 6 52 20
27934 :0 6 52 30
27964 :0 6 52 60
28013 :0 6 53 45
28170 :0 6 56 10
28267 :0 6 57 43
28296 :0 6 58 8
28315 :0 6 58 27
28338 :0 6 58 50
28355 :0 6 59 3
28356 :0 6 59 4
28360 :0 6 59 8
28449 :0 6 60 33
28469 :0 6 60 53
28475 :0 6 60 59
28484 :0 6 61 4
28526 :0 6 61 46
28598 :0 6 62 54
28613 :0 6 63 5
28629 :0 6 63 21
28699 :0 7 0 27
28724 :0 7 0 52
28771 :0 7 1 35
28771 :0 7 1 35
28780 :0 7 1 44
28818 :0 7 2 18
28864 :0 7 3 0
28885 :0 7 3 21
28911 :0 7 3 47
28920 :0 7 3 56
28923 :0 7 3 59
28948 :0 7 4 20
28971 :0 7 4 43
28977 :0 7 4 49
29053 :0 7 5 61
29095 :0 7 6 39
29166 :0 7 7 46
29191 :0 7 8 7
29193 :0 7 8 9
29208 :0 7 8 24
29212 :0 7 8 28
29225 :0 7 8 41
29293 :0 7 9 45
29335 :0 7 10 23
29335 :0 7 10 23
29341 :0 7 10 29
29381 :0 7 11 5
29429 :0 7 11 53
29456 :0 7 12 16
29618 :0 7 14 50
29662 :0 7 15 30
29665 :0 7 15 33
29701 :0 7 16 5
29706 :0 7 16 10
29732 :0 7 16 36
29740 :0 7 16 44
29764 :0 7 17 4
29779 :0 7 17 19
29813 :0 7 17 53
29921 :0 7 19 33
29946 :0 7 19 58
30071 :0 7 21 55
30120 :0 7 22 40
30122 :0 7 22 42
30177 :0 7 23 33
30230 :0 7 24 22
30240 :0 7 24 32
30249 :0 7 24 41
30296 :0 7 25 24
30381 :0 7 26 45
30382 :0 7 26 46
30393 :0 7 26 57
30438 :0 7 27 38
30458 :0 7 27 58
30480 :0 7 28 16
30492 :0 7 28 28
30535 :0 7 29 7
30564 :0 7 29 36
30598 :0 7 30 6
30626 :0 7 30 34
30643 :0 7 30 51
30648 :0 7 30 56
30761 :0 7 32 41
30777 :0 7 32 57
30791 :0 7 33 7
30794 :0 7 33 10
30829 :0 7 33 45
30839 :0 7 33 55
30857 :0 7 34 9
30857 :0 7 34 9
30882 :0 7 34 34
30908 :0 7 34 60
30912 :0 7 35 0
30921 :0 7 35 9
30972 :0 7 35 60
30984 :0 7 36 8
30988 :0 7 36 12
31028 :0 7 36 52
31032 :0 7 36 56
31102 :0 7 37 62
31120 :0 7 38 16
31147 :0 7 38 43
31181 :0 7 39 13
31236 :0 7 40 4
31276 :0 7 40 44
31368 :0 7 42 8
31374 :0 7 42 14
31388 :0 7 42 28
31402 :0 7 42 42
31440 :0 7 43 16
31459 :0 7 43 35
31480 :0 7 43 56
31491 :0 7 44 3
31539 :0 7 44 51
31572 :0 7 45 20
31603 :0 7 45 51
31641 :0 7 46 25
31655 :0 7 46 39
31676 :0 7 46 60
31701 :0 7 47 21
31727 :0 7 47 47
31731 :0 7 47 51
31774 :0 7 48 30
31849 :0 7 49 41
31868 :0 7 49 60
31873 :0 7 50 1
31952 :0 7 51 16
31954 :0 7 51 18
31963 :0 7 51 27
31973 :0 7 51 37
32009 :0 7 52 9
32012 :0 7 52 12
32016 :0 7 52 16
32033 :0 7 52 33
32080 :0 7 53 16
32139 :0 7 54 11
32143 :0 7 54 15
32148 :0 7 54 20
32170 :0 7 54 42
32193 :0 7 55 1
32200 :0 7 55 8
32310 :0 7 56 54
32337 :0 7 57 17
32441 :0 7 58 57
32447 :0 7 58 63
32487 :0 7 59 39
32495 :0 7 59 47
32529 :0 7 60 17
32539 :0 7 60 27
32557 :0 7 60 45
32597 :0 7 61 21
32648 :0 7 62 8
32684 :0 7 62 44
32689 :0 7 62 49
32725 :0 7 63 21
32743 :0 7 63 39

C:\Users\Yujin\source\repos\20-2 Data Structures\HW7\Debug\HW7.exe(27908 프로세스)이(가) 0 코드로 인해 종료되었습니다.
이 창을 닫으려면 아무 키나 누르세요.

